@ /Users/gianmarcoterrones/Dropbox (MIT)/2022-SESAMI-app-v2/Data/N2_isotherms_8MOFs_77K/CIF_files/Cu-BTC.sa Unitcell_volume: 18280.8   Density: 0.879097   ASA_A^2: 2841.76 ASA_m^2/cm^3: 1554.5 ASA_m^2/g: 1768.3 NASA_A^2: 49.7124 NASA_m^2/cm^3: 27.1937 NASA_m^2/g: 30.9337
Number_of_channels: 1 Channel_surface_area_A^2: 2841.76  
Number_of_pockets: 8 Pocket_surface_area_A^2: 5.44658  5.44658  7.72424  7.62521  5.94172  5.05046  6.73395  5.74366  
