@ /Users/gianmarcoterrones/Dropbox (MIT)/2022-SESAMI-app-v2/Data/N2_isotherms_8MOFs_77K/CIF_files/MIL-100_Fe.sa Unitcell_volume: 98620   Density: 0.684425   ASA_A^2: 12326.6 ASA_m^2/cm^3: 1249.91 ASA_m^2/g: 1826.22 NASA_A^2: 15.7456 NASA_m^2/cm^3: 1.59659 NASA_m^2/g: 2.33275
Number_of_channels: 1 Channel_surface_area_A^2: 12326.6  
Number_of_pockets: 34 Pocket_surface_area_A^2: 0.297086  0.198057  0.198057  0.396115  0.198057  0.297086  0.297086  0  0.198057  0.297086  0.198057  0.594172  0.297086  0.693201  0.594172  1.18834  0.198057  0.594172  0.792229  1.08932  0.297086  0.396115  0.396115  0  0.198057  0.396115  0.495143  1.08932  0.792229  0.693201  0.693201  0.198057  0.891258  0.594172  
