@ /Users/gianmarcoterrones/Dropbox (MIT)/2022-SESAMI-app-v2/Data/N2_isotherms_8MOFs_77K/CIF_files/MIL-100.sa Unitcell_volume: 387511   Density: 0.705417   ASA_A^2: 48746.5 ASA_m^2/cm^3: 1257.94 ASA_m^2/g: 1783.25 NASA_A^2: 132.302 NASA_m^2/cm^3: 3.41415 NASA_m^2/g: 4.83991
Number_of_channels: 1 Channel_surface_area_A^2: 48746.5  
Number_of_pockets: 128 Pocket_surface_area_A^2: 3.06989  0.297086  4.1592  0.396115  3.16892  0.0990287  0.297086  2.57475  2.97086  0.198057  4.1592  0.396115  3.76309  0.0990287  0.297086  3.86212  0.396115  0.0990287  0.396115  0.198057  0.297086  0.297086  0.0990287  0.198057  0.396115  0.495143  0.495143  0  0.297086  0.198057  0.297086  0.0990287  3.26795  4.1592  2.57475  3.86212  2.87183  4.65435  3.86212  3.56503  0.198057  0.198057  0.198057  0  0.396115  0.297086  0.198057  0.198057  0.495143  0.297086  0.198057  0.594172  0.0990287  0  0.198057  0.495143  0.0990287  0  0.198057  0.0990287  0.198057  0.396115  0.198057  0.198057  3.06989  1.98057  4.35726  2.37669  2.97086  2.47572  4.1592  3.76309  0.396115  0.198057  0.396115  0.396115  0.495143  0.198057  0.0990287  0.198057  0.297086  0.0990287  0  0.297086  0.396115  0.396115  0.396115  0.297086  0  0.396115  0.198057  0.495143  0.198057  0.0990287  0.297086  0.198057  3.66406  3.06989  4.65435  2.67377  3.16892  3.66406  3.466  2.37669  0.198057  0.198057  0.0990287  0.396115  0.198057  0.396115  0.594172  0.198057  0.0990287  0.594172  0.198057  0.198057  0  0.0990287  0.297086  0.297086  0.0990287  0.297086  0.198057  0.297086  0.396115  0.0990287  0.0990287  0.0990287  
