@ /Users/gianmarcoterrones/Dropbox (MIT)/2022-SESAMI-app-v2/Data/N2_isotherms_add_6MOFs_77K/CIF_files/MOF-808.sa Unitcell_volume: 43156.4   Density: 0.788973   ASA_A^2: 5349.9 ASA_m^2/cm^3: 1239.65 ASA_m^2/g: 1571.22 NASA_A^2: 0.0990287 NASA_m^2/cm^3: 0.0229465 NASA_m^2/g: 0.029084
Number_of_channels: 1 Channel_surface_area_A^2: 5349.9  
Number_of_pockets: 8 Pocket_surface_area_A^2: 0  0  0  0  0  0  0  0.0990287  
