@ /Users/gianmarcoterrones/Dropbox (MIT)/2022-SESAMI-app-v2/Data/N2_isotherms_8MOFs_77K/CIF_files/MIL-100.sa Unitcell_volume: 387511   Density: 0.705417   ASA_A^2: 53491 ASA_m^2/cm^3: 1380.37 ASA_m^2/g: 1956.82 NASA_A^2: 2535.4 NASA_m^2/cm^3: 65.4278 NASA_m^2/g: 92.7506
Number_of_channels: 1 Channel_surface_area_A^2: 53491  
Number_of_pockets: 136 Pocket_surface_area_A^2: 22.9058  15.9841  17.6967  22.6203  23.3339  19.0525  19.3379  24.6897  27.4726  19.9801  21.0505  24.547  25.4746  19.0525  18.1962  25.4033  18.8384  17.5539  18.4816  17.6967  18.1962  17.5539  15.6987  18.1962  4.49552  5.42317  18.4102  16.6263  18.4816  17.4826  16.4122  16.4122  16.3409  15.8414  24.4756  24.4043  24.2616  25.3319  22.3349  24.1188  24.4756  25.0465  16.9831  17.4826  18.1962  17.1258  17.8394  18.4102  15.5559  18.6957  19.6233  15.6987  19.1952  16.2695  17.5539  15.6987  18.4816  19.4092  5.13774  4.63824  16.8404  16.3409  18.2675  19.0525  16.6263  17.4112  16.1982  16.4836  24.2616  23.1912  25.6887  24.7611  22.9771  26.0455  25.546  25.6173  16.4836  16.9831  17.9821  20.0515  20.3369  16.8404  17.6967  19.8374  18.4102  18.767  19.1238  17.9821  17.9107  18.767  17.6253  18.2675  4.99503  4.21009  18.9811  18.1248  17.9821  17.0544  19.4806  16.8404  18.553  18.553  27.4726  24.4043  26.1882  23.6907  22.1922  24.547  25.2606  23.762  18.4102  18.6957  17.4826  16.9831  20.1228  17.768  18.8384  17.5539  16.5549  15.0564  17.0544  18.6243  19.9801  18.6243  17.3399  16.769  4.99503  3.85331  17.4112  18.3389  16.4836  16.9831  17.5539  16.2695  19.1238  16.4836  
