@ /Users/gianmarcoterrones/Dropbox (MIT)/2022-SESAMI-app-v2/Data/N2_isotherms_add_6MOFs_77K/CIF_files/MOF-808.sa Unitcell_volume: 43156.4   Density: 0.788973   ASA_A^2: 5754.03 ASA_m^2/cm^3: 1333.3 ASA_m^2/g: 1689.91 NASA_A^2: 70.1444 NASA_m^2/cm^3: 16.2535 NASA_m^2/g: 20.6009
Number_of_channels: 1 Channel_surface_area_A^2: 5754.03  
Number_of_pockets: 8 Pocket_surface_area_A^2: 8.99105  8.42019  9.63326  7.5639  7.99204  10.2755  7.92068  9.34783  
